dataset: "kitti"
common:
    PointCloudTopic: "/kitti/velo/pointcloud"
    ImageTopic: "/img_depth"
    RawImageTopic: "/raw_img"
# We recommend using it when your sensor noise is severe.
high_noise: false
# inc of pixel and point
inc:
    pixel_inc: 1.5
    range_inc: 0.02
    degree_inc: 0.05
width: 1226
height: 370
mean: 4.8
# Initial extrinsic
Intrinsic: [7.070912e+02, 0.000000e+00, 6.018873e+02,
            0.000000e+00, 7.070912e+02, 1.831104e+02,
            0.000000e+00, 0.000000e+00, 1.000000e+00]
DistCoeff: [-3.725637e-01, 1.979803e-01, 1.250593e-03, -6.608481e-02]
Extrinsic: [-0.0018577, -0.999966, -0.00803999, 0.0567911,
            -0.00648148, 0.0080519, -0.999947, -0.00747295,
            0.999977, -0.0018055, -0.00649625, -0.327508]
P_rect_02: [7.070912e+02, 0.000000e+00, 6.018873e+02, 4.688783e+01, 
            0.000000e+00, 7.070912e+02, 1.831104e+02, 1.178601e-01, 
            0.000000e+00, 0.000000e+00, 1.000000e+00, 6.203223e-03]
R_rect_00: [1.000000e+00, 0.000000e+00, 0.000000e+00, 0.0 
            0.000000e+00, 1.000000e+00, 0.000000e+00, 0.0 
            0.000000e+00, 0.000000e+00, 1.000000e+00, 0.0 
            0.000000e+00, 0.000000e+00, 0.000000e+00, 1.0]
T_velo_cam0: [7.027555e-03, -9.999753e-01, 2.599616e-05, -7.137748e-03,
            -2.254837e-03, -4.184312e-05, -9.999975e-01, -7.482656e-02,
            9.999728e-01, 7.027479e-03, -2.255075e-03, -3.336324e-01,
            0.000000e+00, 0.000000e+00, 0.000000e+00, 1.0]

